1065
1340
3609
5132
6282
29167
38728
40187
53791
81526
91367
119087
130980
131858
139640
153104
174071
178133
181673
184907
215086
246535
261249
263676
315443
347407
352242
403411
433191
457386
490047
515752
545906
563669
610371
626622
650797
668259
686935
793639
863359
950062
990939
1010150
1037041
1182960
1187602
1235479
1235654
1259522
1280510
1290509
1310984
1464512
1474194
1510604
1521592
1521954
1521845
1521956
1560931
1566882
1579397
1581007
1651105
1882704
1942113
2031700
2077626
2120339
2361028
2454171
2460893
2528856
2623305
2693546
2719947
2757211
